"step","n_tx","n_fraud","fraud_rate"
1,2708,16,0.005908419497784343
2,1014,8,0.007889546351084813
3,552,4,0.007246376811594203
4,565,10,0.017699115044247787
5,665,6,0.009022556390977444
6,1660,22,0.01325301204819277
7,6837,12,0.0017551557700745941
8,21097,12,0.000568801251362753
9,37628,19,0.0005049431274582757
10,35991,11,0.0003056319635464422
11,37241,7,0.0001879648774200478
12,36153,14,0.00038724310568970764
13,37515,14,0.00037318405970944955
14,41485,12,0.0002892611787393034
15,44609,20,0.000448340021071981
16,42471,10,0.00023545478090932637
17,43361,7,0.0001614353912502018
18,49579,16,0.0003227172794933339
19,51352,11,0.00021420782053279327
20,40625,4,9.846153846153846e-05
